
null2#	-93	-99	-101	-112	-94	-114	-92	-89	-94

2#	-93	-99	-101	-112	-94	-114	-92	-89	-94

2#	-93	-99	-101	-112	-94	-114	-92	-89	-94

2#	-94	-97	-108	-107	-94	-114	-92	-89	-94

2#	-94	-97	-108	-107	-94	-114	-92	-89	-94

2#	-94	-97	-108	-107	-94	-114	-92	-89	-94

2#	-91	-89	-110	-106	-94	-114	-92	-89	-94

2#	-91	-89	-110	-106	-94	-114	-92	-89	-94

2#	-91	-89	-110	-106	-94	-114	-92	-89	-94

2#	-91	-103	-105	-109	-94	-114	-92	-89	-94

2#	-91	-103	-105	-109	-94	-114	-92	-89	-94

2#	-91	-103	-105	-109	-94	-114	-92	-89	-94

2#	-93	-92	-102	-102	-94	-114	-92	-89	-94

2#	-93	-92	-102	-102	-94	-114	-92	-89	-94

2#	-93	-92	-102	-102	-94	-114	-92	-89	-94

2#	-94	-98	-104	-104	-94	-114	-92	-89	-94

2#	-94	-98	-104	-104	-94	-114	-92	-89	-94

2#	-94	-98	-104	-104	-94	-114	-92	-89	-94

2#	-93	-97	-108	-109	-94	-114	-92	-89	-94

2#	-93	-97	-108	-109	-94	-114	-92	-89	-94

2#	-93	-97	-108	-109	-94	-114	-92	-89	-94

2#	-92	-91	-100	-110	-94	-114	-92	-89	-94

2#	-92	-91	-100	-110	-94	-114	-92	-89	-94

2#	-92	-91	-100	-110	-94	-114	-92	-89	-94

2#	-91	-95	-103	-108	-94	-114	-92	-89	-94

2#	-91	-95	-103	-108	-94	-114	-92	-89	-94

2#	-91	-95	-103	-108	-94	-114	-92	-89	-94

2#	-92	-83	-93	-94	-114	-92	-89	-94

2#	-92	-83	-93	-94	-114	-92	-89	-94

2#	-92	-83	-93	-94	-114	-92	-89	-94

2#	-80	-92	-96	-94	-114	-92	-89	-94

2#	-80	-92	-96	-94	-114	-92	-89	-94

2#	-80	-92	-96	-94	-114	-92	-89	-94

2#	-82	-93	-90	-90	-94	-114	-92	-89	-94

2#	-82	-93	-90	-90	-94	-114	-92	-89	-94

2#	-82	-93	-90	-90	-94	-114	-92	-89	-94

2#	-80	-97	-94	-95	-94	-114	-92	-89	-94

2#	-80	-97	-94	-95	-94	-114	-92	-89	-94

2#	-80	-97	-94	-95	-94	-114	-92	-89	-94

2#	-76	-104	-92	-92	-94	-114	-92	-89	-94

2#	-76	-104	-92	-92	-94	-114	-92	-89	-94

2#	-76	-104	-92	-92	-94	-114	-92	-89	-94

2#	-77	-93	-92	-99	-94	-114	-92	-89	-94

2#	-77	-93	-92	-99	-94	-114	-92	-89	-94

2#	-77	-93	-92	-99	-94	-114	-92	-89	-94

2#	-79	-93	-95	-104	-94	-114	-92	-89	-94

2#	-79	-93	-95	-104	-94	-114	-92	-89	-94

2#	-79	-93	-95	-104	-94	-114	-92	-89	-94

2#	-77	-94	-93	-102	-94	-114	-92	-89	-94

2#	-77	-94	-93	-102	-94	-114	-92	-89	-94

2#	-77	-94	-93	-102	-94	-114	-92	-89	-94

2#	-75	-83	-85	-87	-94	-114	-92	-89	-94

2#	-75	-83	-85	-87	-94	-114	-92	-89	-94

2#	-75	-83	-85	-87	-94	-114	-92	-89	-94

2#	-76	-91	-92	-101	-94	-114	-92	-89	-94

2#	-76	-91	-92	-101	-94	-114	-92	-89	-94

2#	-76	-91	-92	-101	-94	-114	-92	-89	-94

2#	-78	-93	-92	-97	-94	-114	-92	-89	-94

2#	-78	-93	-92	-97	-94	-114	-92	-89	-94

2#	-78	-93	-92	-97	-94	-114	-92	-89	-94

2#	-79	-89	-99	-99	-94	-114	-92	-89	-94

2#	-79	-89	-99	-99	-94	-114	-92	-89	-94

2#	-79	-89	-99	-99	-94	-114	-92	-89	-94

2#	-73	-82	-92	-94	-94	-114	-92	-89	-94

2#	-73	-82	-92	-94	-94	-114	-92	-89	-94

2#	-73	-82	-92	-94	-94	-114	-92	-89	-94

2#	-82	-85	-95	-91	-94	-114	-92	-89	-94

2#	-82	-85	-95	-91	-94	-114	-92	-89	-94

2#	-82	-85	-95	-91	-94	-114	-92	-89	-94

2#	-77	-89	-92	-89	-94	-114	-92	-89	-94

2#	-77	-89	-92	-89	-94	-114	-92	-89	-94

2#	-77	-89	-92	-89	-94	-114	-92	-89	-94

2#	-75	-87	-94	-88	-94	-114	-92	-89	-94

2#	-75	-87	-94	-88	-94	-114	-92	-89	-94

2#	-75	-87	-94	-88	-94	-114	-92	-89	-94

2#	-77	-91	-90	-96	-96	-94	-114	-92	-89	-94

2#	-77	-91	-90	-96	-96	-94	-114	-92	-89	-94

2#	-77	-91	-90	-96	-96	-94	-114	-92	-89	-94

2#	-72	-87	-90	-86	-95	-94	-114	-92	-89	-94

2#	-72	-87	-90	-86	-95	-94	-114	-92	-89	-94

2#	-72	-87	-90	-86	-95	-94	-114	-92	-89	-94

2#	-75	-82	-84	-92	-89	-94	-114	-92	-89	-94

2#	-75	-82	-84	-92	-89	-94	-114	-92	-89	-94

2#	-75	-82	-84	-92	-89	-94	-114	-92	-89	-94

2#	-77	-84	-82	-95	-93	-94	-114	-92	-89	-94

2#	-77	-84	-82	-95	-93	-94	-114	-92	-89	-94

2#	-77	-84	-82	-95	-93	-94	-114	-92	-89	-94

2#	-77	-80	-85	-93	-93	-94	-114	-92	-89	-94

2#	-77	-80	-85	-93	-93	-94	-114	-92	-89	-94

2#	-77	-80	-85	-93	-93	-94	-114	-92	-89	-94

2#	-71	-81	-88	-93	-94	-114	-92	-89	-94

2#	-71	-81	-88	-93	-94	-114	-92	-89	-94

2#	-71	-81	-88	-93	-94	-114	-92	-89	-94

2#	-75	-81	-79	-89	-94	-114	-92	-89	-94

2#	-75	-81	-79	-89	-94	-114	-92	-89	-94

2#	-75	-81	-79	-89	-94	-114	-92	-89	-94

2#	-86	-79	-83	-90	-94	-114	-92	-89	-94

2#	-86	-79	-83	-90	-94	-114	-92	-89	-94

2#	-86	-79	-83	-90	-94	-114	-92	-89	-94

2#	-80	-74	-79	-83	-94	-114	-92	-89	-94

2#	-80	-74	-79	-83	-94	-114	-92	-89	-94

2#	-80	-74	-79	-83	-94	-114	-92	-89	-94

2#	-84	-78	-83	-89	-94	-114	-92	-89	-94

2#	-84	-78	-83	-89	-94	-114	-92	-89	-94

2#	-84	-78	-83	-89	-94	-114	-92	-89	-94

2#	-86	-82	-81	-92	-94	-114	-92	-89	-94

2#	-86	-82	-81	-92	-94	-114	-92	-89	-94

2#	-86	-82	-81	-92	-94	-114	-92	-89	-94

2#	-85	-77	-77	-92	-94	-114	-92	-89	-94

2#	-85	-77	-77	-92	-94	-114	-92	-89	-94

2#	-85	-77	-77	-92	-94	-114	-92	-89	-94

2#	-86	-84	-78	-94	-114	-92	-89	-94

2#	-86	-84	-78	-94	-114	-92	-89	-94

2#	-86	-84	-78	-94	-114	-92	-89	-94

2#	-73	-84	-79	-95	-88	-94	-114	-92	-89	-94

2#	-73	-84	-79	-95	-88	-94	-114	-92	-89	-94

2#	-73	-84	-79	-95	-88	-94	-114	-92	-89	-94

2#	-77	-74	-83	-86	-94	-114	-92	-89	-94

2#	-77	-74	-83	-86	-94	-114	-92	-89	-94

2#	-77	-74	-83	-86	-94	-114	-92	-89	-94

2#	-73	-74	-85	-86	-94	-114	-92	-89	-94

2#	-73	-74	-85	-86	-94	-114	-92	-89	-94

2#	-73	-74	-85	-86	-94	-114	-92	-89	-94

2#	-71	-76	-85	-81	-94	-114	-92	-89	-94

2#	-71	-76	-85	-81	-94	-114	-92	-89	-94

2#	-71	-76	-85	-81	-94	-114	-92	-89	-94

2#	-72	-83	-88	-94	-114	-92	-89	-94

2#	-72	-83	-88	-94	-114	-92	-89	-94

2#	-72	-83	-88	-94	-114	-92	-89	-94

2#	-71	-80	-83	-94	-114	-92	-89	-94

2#	-71	-80	-83	-94	-114	-92	-89	-94

2#	-71	-80	-83	-94	-114	-92	-89	-94

2#	-80	-80	-85	-94	-114	-92	-89	-94

2#	-80	-80	-85	-94	-114	-92	-89	-94

2#	-78	-87	-84	-94	-114	-92	-89	-94

2#	-78	-87	-84	-94	-114	-92	-89	-94

2#	-78	-87	-84	-94	-114	-92	-89	-94

2#	-73	-83	-87	-94	-114	-92	-89	-94

2#	-73	-83	-87	-94	-114	-92	-89	-94

2#	-73	-83	-87	-94	-114	-92	-89	-94

2#	-68	-82	-89	-94	-114	-92	-89	-94

2#	-68	-82	-89	-94	-114	-92	-89	-94

2#	-68	-82	-89	-94	-114	-92	-89	-94

2#	-69	-84	-85	-94	-114	-92	-89	-94

2#	-69	-84	-85	-94	-114	-92	-89	-94

2#	-69	-84	-85	-94	-114	-92	-89	-94

2#	-70	-80	-87	-94	-114	-92	-89	-94

2#	-70	-80	-87	-94	-114	-92	-89	-94

2#	-70	-80	-87	-94	-114	-92	-89	-94

2#	-65	-87	-83	-94	-114	-92	-89	-94

2#	-65	-87	-83	-94	-114	-92	-89	-94

2#	-65	-87	-83	-94	-114	-92	-89	-94

2#	-66	-82	-84	-94	-114	-92	-89	-94

2#	-66	-82	-84	-94	-114	-92	-89	-94

2#	-66	-82	-84	-94	-114	-92	-89	-94

2#	-75	-85	-84	-94	-114	-92	-89	-94

2#	-75	-85	-84	-94	-114	-92	-89	-94

2#	-75	-85	-84	-94	-114	-92	-89	-94

2#	-78	-81	-82	-94	-114	-92	-89	-94

2#	-78	-81	-82	-94	-114	-92	-89	-94

2#	-78	-81	-82	-94	-114	-92	-89	-94

2#	-75	-83	-86	-94	-114	-92	-89	-94

2#	-75	-83	-86	-94	-114	-92	-89	-94

2#	-75	-83	-86	-94	-114	-92	-89	-94

2#	-73	-84	-83	-94	-114	-92	-89	-94

2#	-73	-84	-83	-94	-114	-92	-89	-94

2#	-73	-84	-83	-94	-114	-92	-89	-94

2#	-73	-84	-84	-94	-114	-92	-89	-94

2#	-73	-84	-84	-94	-114	-92	-89	-94

2#	-73	-84	-84	-94	-114	-92	-89	-94

2#	-79	-85	-82	-94	-114	-92	-89	-94

2#	-79	-85	-82	-94	-114	-92	-89	-94

2#	-79	-85	-82	-94	-114	-92	-89	-94

2#	-71	-80	-77	-94	-114	-92	-89	-94

2#	-71	-80	-77	-94	-114	-92	-89	-94

2#	-71	-80	-77	-94	-114	-92	-89	-94

2#	-72	-73	-80	-94	-114	-92	-89	-94

2#	-72	-73	-80	-94	-114	-92	-89	-94

2#	-72	-73	-80	-94	-114	-92	-89	-94

2#	-77	-82	-79	-94	-114	-92	-89	-94

2#	-77	-82	-79	-94	-114	-92	-89	-94

2#	-77	-82	-79	-94	-114	-92	-89	-94

2#	-76	-82	-83	-94	-114	-92	-89	-94

2#	-76	-82	-83	-94	-114	-92	-89	-94

2#	-76	-82	-83	-94	-114	-92	-89	-94

2#	-77	-76	-79	-94	-114	-92	-89	-94

2#	-77	-76	-79	-94	-114	-92	-89	-94

2#	-77	-76	-79	-94	-114	-92	-89	-94

2#	-71	-83	-84	-94	-114	-92	-89	-94

2#	-71	-83	-84	-94	-114	-92	-89	-94

2#	-71	-83	-84	-94	-114	-92	-89	-94

2#	-74	-84	-80	-94	-114	-92	-89	-94

2#	-74	-84	-80	-94	-114	-92	-89	-94

2#	-74	-84	-80	-94	-114	-92	-89	-94

2#	-71	-81	-84	-94	-114	-92	-89	-94

2#	-71	-81	-84	-94	-114	-92	-89	-94

2#	-71	-81	-84	-94	-114	-92	-89	-94

2#	-74	-84	-88	-94	-114	-92	-89	-94

2#	-74	-84	-88	-94	-114	-92	-89	-94

2#	-74	-84	-88	-94	-114	-92	-89	-94

2#	-69	-77	-87	-94	-114	-92	-89	-94

2#	-69	-77	-87	-94	-114	-92	-89	-94

2#	-69	-77	-87	-94	-114	-92	-89	-94

2#	-71	-77	-94	-114	-92	-89	-94

2#	-71	-77	-94	-114	-92	-89	-94

2#	-71	-77	-94	-114	-92	-89	-94

2#	-78	-86	-94	-114	-92	-89	-94

2#	-78	-86	-94	-114	-92	-89	-94

2#	-78	-86	-94	-114	-92	-89	-94

2#	-71	-81	-94	-114	-92	-89	-94

2#	-71	-81	-94	-114	-92	-89	-94

2#	-71	-81	-94	-114	-92	-89	-94

2#	-73	-79	-94	-114	-92	-89	-94

2#	-73	-79	-94	-114	-92	-89	-94

2#	-73	-79	-94	-114	-92	-89	-94

2#	-76	-75	-94	-114	-92	-89	-94

2#	-76	-75	-94	-114	-92	-89	-94

2#	-76	-75	-94	-114	-92	-89	-94

2#	-77	-77	-94	-114	-92	-89	-94

2#	-77	-77	-94	-114	-92	-89	-94

2#	-77	-77	-94	-114	-92	-89	-94

2#	-76	-83	-88	-94	-114	-92	-89	-94

2#	-76	-83	-88	-94	-114	-92	-89	-94

2#	-76	-83	-88	-94	-114	-92	-89	-94

2#	-76	-80	-87	-94	-114	-92	-89	-94

2#	-76	-80	-87	-94	-114	-92	-89	-94

2#	-76	-80	-87	-94	-114	-92	-89	-94

2#	-74	-80	-85	-94	-114	-92	-89	-94

2#	-74	-80	-85	-94	-114	-92	-89	-94

2#	-74	-80	-85	-94	-114	-92	-89	-94

2#	-75	-85	-87	-94	-114	-92	-89	-94

2#	-75	-85	-87	-94	-114	-92	-89	-94

2#	-75	-85	-87	-94	-114	-92	-89	-94

2#	-74	-81	-82	-94	-114	-92	-89	-94

2#	-74	-81	-82	-94	-114	-92	-89	-94

2#	-74	-81	-82	-94	-114	-92	-89	-94

2#	-77	-76	-88	-94	-114	-92	-89	-94

2#	-77	-76	-88	-94	-114	-92	-89	-94

2#	-77	-76	-88	-94	-114	-92	-89	-94

2#	-77	-74	-87	-94	-114	-92	-89	-94

2#	-77	-74	-87	-94	-114	-92	-89	-94

2#	-77	-74	-87	-94	-114	-92	-89	-94

2#	-74	-74	-83	-94	-114	-92	-89	-94

2#	-74	-74	-83	-94	-114	-92	-89	-94

2#	-74	-74	-83	-94	-114	-92	-89	-94

2#	-73	-76	-88	-94	-114	-92	-89	-94

2#	-73	-76	-88	-94	-114	-92	-89	-94

2#	-73	-76	-88	-94	-114	-92	-89	-94

2#	-76	-82	-84	-94	-114	-92	-89	-94

2#	-76	-82	-84	-94	-114	-92	-89	-94

2#	-76	-82	-84	-94	-114	-92	-89	-94

2#	-75	-79	-85	-94	-114	-92	-89	-94

2#	-75	-79	-85	-94	-114	-92	-89	-94

2#	-75	-79	-85	-94	-114	-92	-89	-94

2#	-81	-78	-85	-94	-114	-92	-89	-94

2#	-81	-78	-85	-94	-114	-92	-89	-94

2#	-81	-78	-85	-94	-114	-92	-89	-94

2#	-79	-77	-84	-94	-114	-92	-89	-94

2#	-79	-77	-84	-94	-114	-92	-89	-94

2#	-79	-77	-84	-94	-114	-92	-89	-94

2#	-80	-78	-81	-94	-114	-92	-89	-94

2#	-80	-78	-81	-94	-114	-92	-89	-94

2#	-80	-78	-81	-94	-114	-92	-89	-94

2#	-79	-83	-93	-94	-114	-92	-89	-94

2#	-79	-83	-93	-94	-114	-92	-89	-94

2#	-79	-83	-93	-94	-114	-92	-89	-94

2#	-76	-82	-88	-89	-94	-114	-92	-89	-94

2#	-76	-82	-88	-89	-94	-114	-92	-89	-94

2#	-76	-82	-88	-89	-94	-114	-92	-89	-94

2#	-82	-89	-80	-91	-94	-114	-92	-89	-94

2#	-82	-89	-80	-91	-94	-114	-92	-89	-94

2#	-82	-89	-80	-91	-94	-114	-92	-89	-94

2#	-80	-83	-89	-93	-94	-114	-92	-89	-94

2#	-80	-83	-89	-93	-94	-114	-92	-89	-94

2#	-80	-83	-89	-93	-94	-114	-92	-89	-94

2#	-79	-82	-92	-91	-94	-114	-92	-89	-94

2#	-79	-82	-92	-91	-94	-114	-92	-89	-94

2#	-79	-82	-92	-91	-94	-114	-92	-89	-94

2#	-81	-81	-87	-90	-94	-114	-92	-89	-94

2#	-81	-81	-87	-90	-94	-114	-92	-89	-94

2#	-81	-81	-87	-90	-94	-114	-92	-89	-94

2#	-77	-82	-89	-81	-88	-94	-114	-92	-89	-94

2#	-77	-82	-89	-81	-88	-94	-114	-92	-89	-94

2#	-77	-82	-89	-81	-88	-94	-114	-92	-89	-94

2#	-78	-74	-82	-91	-91	-94	-114	-92	-89	-94

2#	-78	-74	-82	-91	-91	-94	-114	-92	-89	-94

2#	-78	-74	-82	-91	-91	-94	-114	-92	-89	-94

2#	-78	-74	-81	-88	-91	-94	-114	-92	-89	-94

2#	-78	-74	-81	-88	-91	-94	-114	-92	-89	-94

2#	-78	-74	-81	-88	-91	-94	-114	-92	-89	-94

2#	-80	-79	-87	-87	-94	-94	-114	-92	-89	-94

2#	-80	-79	-87	-87	-94	-94	-114	-92	-89	-94

2#	-80	-79	-87	-87	-94	-94	-114	-92	-89	-94

2#	-75	-81	-82	-86	-88	-94	-114	-92	-89	-94

2#	-75	-81	-82	-86	-88	-94	-114	-92	-89	-94

2#	-75	-81	-82	-86	-88	-94	-114	-92	-89	-94

2#	-78	-82	-79	-89	-94	-114	-92	-89	-94

2#	-78	-82	-79	-89	-94	-114	-92	-89	-94

2#	-78	-82	-79	-89	-94	-114	-92	-89	-94

2#	-74	-82	-87	-91	-94	-114	-92	-89	-94

2#	-74	-82	-87	-91	-94	-114	-92	-89	-94

2#	-74	-82	-87	-91	-94	-114	-92	-89	-94

2#	-81	-83	-88	-90	-94	-114	-92	-89	-94

2#	-81	-83	-88	-90	-94	-114	-92	-89	-94

2#	-81	-83	-88	-90	-94	-114	-92	-89	-94

2#	-72	-78	-85	-90	-94	-114	-92	-89	-94

2#	-72	-78	-85	-90	-94	-114	-92	-89	-94

2#	-72	-78	-85	-90	-94	-114	-92	-89	-94

2#	-73	-81	-88	-90	-94	-114	-92	-89	-94

2#	-73	-81	-88	-90	-94	-114	-92	-89	-94

2#	-73	-81	-88	-90	-94	-114	-92	-89	-94

2#	-74	-82	-85	-89	-94	-114	-92	-89	-94

2#	-74	-82	-85	-89	-94	-114	-92	-89	-94

2#	-74	-82	-85	-89	-94	-114	-92	-89	-94

2#	-77	-82	-84	-92	-94	-114	-92	-89	-94

2#	-77	-82	-84	-92	-94	-114	-92	-89	-94

2#	-77	-82	-84	-92	-94	-114	-92	-89	-94

2#	-76	-82	-89	-92	-94	-114	-92	-89	-94

2#	-76	-82	-89	-92	-94	-114	-92	-89	-94

2#	-76	-82	-89	-92	-94	-114	-92	-89	-94

2#	-75	-86	-86	-97	-94	-114	-92	-89	-94

2#	-75	-86	-86	-97	-94	-114	-92	-89	-94

2#	-75	-86	-86	-97	-94	-114	-92	-89	-94

2#	-71	-83	-87	-88	-94	-114	-92	-89	-94

2#	-71	-83	-87	-88	-94	-114	-92	-89	-94

2#	-71	-83	-87	-88	-94	-114	-92	-89	-94

2#	-81	-82	-88	-95	-94	-114	-92	-89	-94

2#	-81	-82	-88	-95	-94	-114	-92	-89	-94

2#	-81	-82	-88	-95	-94	-114	-92	-89	-94

2#	-77	-80	-86	-91	-93	-94	-114	-92	-89	-94

2#	-77	-80	-86	-91	-93	-94	-114	-92	-89	-94

2#	-77	-80	-86	-91	-93	-94	-114	-92	-89	-94

2#	-64	-84	-80	-84	-88	-94	-114	-92	-89	-94

2#	-64	-84	-80	-84	-88	-94	-114	-92	-89	-94

2#	-64	-84	-80	-84	-88	-94	-114	-92	-89	-94

2#	-71	-74	-83	-86	-83	-94	-114	-92	-89	-94

2#	-71	-74	-83	-86	-83	-94	-114	-92	-89	-94

2#	-71	-74	-83	-86	-83	-94	-114	-92	-89	-94

2#	-62	-83	-77	-84	-85	-94	-114	-92	-89	-94

2#	-62	-83	-77	-84	-85	-94	-114	-92	-89	-94

2#	-62	-83	-77	-84	-85	-94	-114	-92	-89	-94

2#	-75	-87	-85	-87	-94	-114	-92	-89	-94

2#	-75	-87	-85	-87	-94	-114	-92	-89	-94

2#	-75	-87	-85	-87	-94	-114	-92	-89	-94

2#	-72	-85	-84	-91	-94	-114	-92	-89	-94

2#	-72	-85	-84	-91	-94	-114	-92	-89	-94

2#	-72	-85	-84	-91	-94	-114	-92	-89	-94

2#	-74	-82	-92	-89	-94	-114	-92	-89	-94

2#	-74	-82	-92	-89	-94	-114	-92	-89	-94

2#	-74	-82	-92	-89	-94	-114	-92	-89	-94

2#	-77	-85	-88	-90	-94	-114	-92	-89	-94

2#	-77	-85	-88	-90	-94	-114	-92	-89	-94

2#	-77	-85	-88	-90	-94	-114	-92	-89	-94

2#	-76	-82	-85	-90	-94	-114	-92	-89	-94

2#	-76	-82	-85	-90	-94	-114	-92	-89	-94

2#	-76	-82	-85	-90	-94	-114	-92	-89	-94

2#	-78	-85	-88	-90	-94	-114	-92	-89	-94

2#	-78	-85	-88	-90	-94	-114	-92	-89	-94

2#	-78	-85	-88	-90	-94	-114	-92	-89	-94

2#	-81	-82	-86	-94	-114	-92	-89	-94

2#	-81	-82	-86	-94	-114	-92	-89	-94

2#	-81	-82	-86	-94	-114	-92	-89	-94

2#	-80	-88	-88	-94	-114	-92	-89	-94

2#	-80	-88	-88	-94	-114	-92	-89	-94

2#	-80	-88	-88	-94	-114	-92	-89	-94

2#	-78	-85	-85	-94	-114	-92	-89	-94

2#	-78	-85	-85	-94	-114	-92	-89	-94

2#	-78	-85	-85	-94	-114	-92	-89	-94

2#	-78	-79	-87	-94	-114	-92	-89	-94

2#	-78	-79	-87	-94	-114	-92	-89	-94

2#	-78	-79	-87	-94	-114	-92	-89	-94

2#	-76	-81	-87	-94	-114	-92	-89	-94

2#	-76	-81	-87	-94	-114	-92	-89	-94

2#	-76	-81	-87	-94	-114	-92	-89	-94

2#	-76	-82	-85	-90	-94	-114	-92	-89	-94

2#	-76	-82	-85	-90	-94	-114	-92	-89	-94

2#	-76	-82	-85	-90	-94	-114	-92	-89	-94

2#	-78	-82	-85	-90	-94	-114	-92	-89	-94

2#	-78	-82	-85	-90	-94	-114	-92	-89	-94

2#	-78	-82	-85	-90	-94	-114	-92	-89	-94

2#	-79	-84	-85	-93	-94	-114	-92	-89	-94

2#	-79	-84	-85	-93	-94	-114	-92	-89	-94

2#	-79	-84	-85	-93	-94	-114	-92	-89	-94

2#	-75	-80	-81	-93	-94	-114	-92	-89	-94

2#	-75	-80	-81	-93	-94	-114	-92	-89	-94

2#	-75	-80	-81	-93	-94	-114	-92	-89	-94

2#	-74	-88	-87	-99	-94	-114	-92	-89	-94

2#	-74	-88	-87	-99	-94	-114	-92	-89	-94

2#	-74	-88	-87	-99	-94	-114	-92	-89	-94

2#	-73	-86	-81	-92	-94	-114	-92	-89	-94

2#	-73	-86	-81	-92	-94	-114	-92	-89	-94

2#	-73	-86	-81	-92	-94	-114	-92	-89	-94

2#	-74	-85	-86	-90	-94	-114	-92	-89	-94

2#	-74	-85	-86	-90	-94	-114	-92	-89	-94

2#	-74	-85	-86	-90	-94	-114	-92	-89	-94

2#	-75	-80	-82	-90	-94	-114	-92	-89	-94

2#	-75	-80	-82	-90	-94	-114	-92	-89	-94

2#	-75	-80	-82	-90	-94	-114	-92	-89	-94

2#	-70	-81	-88	-93	-94	-114	-92	-89	-94

2#	-70	-81	-88	-93	-94	-114	-92	-89	-94

2#	-70	-81	-88	-93	-94	-114	-92	-89	-94

2#	-74	-77	-85	-91	-94	-114	-92	-89	-94

2#	-74	-77	-85	-91	-94	-114	-92	-89	-94

2#	-74	-77	-85	-91	-94	-114	-92	-89	-94

2#	-76	-85	-87	-94	-114	-92	-89	-94

2#	-76	-85	-87	-94	-114	-92	-89	-94

2#	-76	-85	-87	-94	-114	-92	-89	-94

2#	-74	-86	-82	-94	-114	-92	-89	-94

2#	-74	-86	-82	-94	-114	-92	-89	-94

2#	-74	-86	-82	-94	-114	-92	-89	-94

2#	-76	-86	-87	-94	-114	-92	-89	-94

2#	-76	-86	-87	-94	-114	-92	-89	-94

2#	-76	-86	-87	-94	-114	-92	-89	-94

2#	-82	-88	-85	-94	-114	-92	-89	-94

2#	-82	-88	-85	-94	-114	-92	-89	-94

2#	-82	-88	-85	-94	-114	-92	-89	-94

2#	-79	-84	-88	-94	-114	-92	-89	-94

2#	-79	-84	-88	-94	-114	-92	-89	-94

2#	-79	-84	-88	-94	-114	-92	-89	-94

2#	-70	-77	-82	-94	-114	-92	-89	-94

2#	-70	-77	-82	-94	-114	-92	-89	-94

2#	-70	-77	-82	-94	-114	-92	-89	-94

2#	-72	-80	-83	-94	-114	-92	-89	-94

2#	-72	-80	-83	-94	-114	-92	-89	-94

2#	-72	-80	-83	-94	-114	-92	-89	-94

2#	-73	-79	-81	-94	-114	-92	-89	-94

2#	-73	-79	-81	-94	-114	-92	-89	-94

2#	-73	-79	-81	-94	-114	-92	-89	-94

2#	-70	-81	-83	-94	-114	-92	-89	-94

2#	-70	-81	-83	-94	-114	-92	-89	-94

2#	-70	-81	-83	-94	-114	-92	-89	-94

2#	-79	-82	-86	-94	-114	-92	-89	-94

2#	-79	-82	-86	-94	-114	-92	-89	-94

2#	-79	-82	-86	-94	-114	-92	-89	-94

2#	-76	-82	-82	-94	-114	-92	-89	-94

2#	-76	-82	-82	-94	-114	-92	-89	-94

2#	-76	-82	-82	-94	-114	-92	-89	-94

2#	-75	-85	-88	-94	-114	-92	-89	-94

2#	-75	-85	-88	-94	-114	-92	-89	-94

2#	-75	-85	-88	-94	-114	-92	-89	-94

2#	-76	-88	-86	-94	-114	-92	-89	-94

2#	-76	-88	-86	-94	-114	-92	-89	-94

2#	-76	-88	-86	-94	-114	-92	-89	-94

2#	-80	-85	-86	-94	-114	-92	-89	-94

2#	-80	-85	-86	-94	-114	-92	-89	-94

2#	-80	-85	-86	-94	-114	-92	-89	-94

2#	-83	-83	-83	-94	-114	-92	-89	-94

2#	-83	-83	-83	-94	-114	-92	-89	-94

2#	-83	-83	-83	-94	-114	-92	-89	-94

2#	-80	-83	-83	-94	-114	-92	-89	-94

2#	-80	-83	-83	-94	-114	-92	-89	-94

2#	-80	-83	-83	-94	-114	-92	-89	-94

2#	-82	-84	-84	-94	-114	-92	-89	-94

2#	-82	-84	-84	-94	-114	-92	-89	-94

2#	-82	-84	-84	-94	-114	-92	-89	-94

2#	-83	-80	-84	-94	-114	-92	-89	-94

2#	-83	-80	-84	-94	-114	-92	-89	-94

2#	-83	-80	-84	-94	-114	-92	-89	-94

2#	-81	-79	-91	-94	-114	-92	-89	-94

2#	-81	-79	-91	-94	-114	-92	-89	-94

2#	-81	-79	-91	-94	-114	-92	-89	-94

2#	-80	-87	-82	-94	-114	-92	-89	-94

2#	-80	-87	-82	-94	-114	-92	-89	-94

2#	-80	-87	-82	-94	-114	-92	-89	-94

2#	-77	-81	-82	-94	-114	-92	-89	-94

2#	-77	-81	-82	-94	-114	-92	-89	-94

2#	-77	-81	-82	-94	-114	-92	-89	-94

2#	-80	-81	-79	-96	-94	-114	-92	-89	-94

2#	-80	-81	-79	-96	-94	-114	-92	-89	-94

2#	-80	-81	-79	-96	-94	-114	-92	-89	-94

2#	-80	-79	-91	-100	-94	-114	-92	-89	-94

2#	-80	-79	-91	-100	-94	-114	-92	-89	-94

2#	-80	-79	-91	-100	-94	-114	-92	-89	-94

2#	-78	-83	-85	-97	-94	-114	-92	-89	-94

2#	-78	-83	-85	-97	-94	-114	-92	-89	-94

2#	-78	-83	-85	-97	-94	-114	-92	-89	-94

2#	-78	-78	-84	-91	-94	-114	-92	-89	-94

2#	-78	-78	-84	-91	-94	-114	-92	-89	-94

2#	-78	-78	-84	-91	-94	-114	-92	-89	-94

2#	-81	-81	-89	-94	-114	-92	-89	-94

2#	-81	-81	-89	-94	-114	-92	-89	-94

2#	-81	-81	-89	-94	-114	-92	-89	-94

2#	-79	-87	-81	-98	-94	-114	-92	-89	-94

2#	-79	-87	-81	-98	-94	-114	-92	-89	-94

2#	-79	-87	-81	-98	-94	-114	-92	-89	-94

2#	-80	-80	-82	-89	-94	-114	-92	-89	-94

2#	-80	-80	-82	-89	-94	-114	-92	-89	-94

2#	-80	-80	-82	-89	-94	-114	-92	-89	-94

2#	-79	-88	-87	-95	-94	-114	-92	-89	-94

2#	-79	-88	-87	-95	-94	-114	-92	-89	-94

2#	-79	-88	-87	-95	-94	-114	-92	-89	-94

2#	-83	-83	-85	-98	-94	-114	-92	-89	-94

2#	-83	-83	-85	-98	-94	-114	-92	-89	-94

2#	-83	-83	-85	-98	-94	-114	-92	-89	-94

2#	-83	-83	-84	-91	-94	-114	-92	-89	-94

2#	-83	-83	-84	-91	-94	-114	-92	-89	-94

2#	-83	-83	-84	-91	-94	-114	-92	-89	-94

2#	-83	-83	-86	-98	-94	-114	-92	-89	-94

2#	-83	-83	-86	-98	-94	-114	-92	-89	-94

2#	-83	-83	-86	-98	-94	-114	-92	-89	-94

2#	-81	-82	-85	-99	-94	-114	-92	-89	-94

2#	-81	-82	-85	-99	-94	-114	-92	-89	-94

2#	-81	-82	-85	-99	-94	-114	-92	-89	-94

2#	-81	-86	-82	-95	-94	-114	-92	-89	-94

2#	-81	-86	-82	-95	-94	-114	-92	-89	-94

2#	-81	-86	-82	-95	-94	-114	-92	-89	-94

2#	-80	-81	-86	-93	-94	-114	-92	-89	-94

2#	-80	-81	-86	-93	-94	-114	-92	-89	-94

2#	-80	-81	-86	-93	-94	-114	-92	-89	-94

2#	-83	-88	-85	-94	-114	-92	-89	-94

2#	-83	-88	-85	-94	-114	-92	-89	-94

2#	-83	-88	-85	-94	-114	-92	-89	-94

2#	-83	-84	-83	-89	-94	-114	-92	-89	-94

2#	-83	-84	-83	-89	-94	-114	-92	-89	-94

2#	-83	-84	-83	-89	-94	-114	-92	-89	-94

2#	-91	-81	-88	-101	-94	-114	-92	-89	-94

2#	-91	-81	-88	-101	-94	-114	-92	-89	-94

2#	-91	-81	-88	-101	-94	-114	-92	-89	-94

2#	-82	-90	-93	-102	-94	-114	-92	-89	-94

2#	-82	-90	-93	-102	-94	-114	-92	-89	-94

2#	-82	-90	-93	-102	-94	-114	-92	-89	-94

2#	-82	-93	-90	-98	-94	-114	-92	-89	-94

2#	-82	-93	-90	-98	-94	-114	-92	-89	-94

2#	-82	-93	-90	-98	-94	-114	-92	-89	-94

2#	-82	-88	-93	-94	-114	-92	-89	-94

2#	-82	-88	-93	-94	-114	-92	-89	-94

2#	-82	-88	-93	-94	-114	-92	-89	-94

2#	-81	-81	-82	-91	-94	-114	-92	-89	-94

2#	-81	-81	-82	-91	-94	-114	-92	-89	-94

2#	-81	-81	-82	-91	-94	-114	-92	-89	-94

2#	-78	-85	-84	-93	-94	-114	-92	-89	-94

2#	-78	-85	-84	-93	-94	-114	-92	-89	-94

2#	-78	-85	-84	-93	-94	-114	-92	-89	-94

2#	-82	-83	-85	-101	-94	-114	-92	-89	-94

2#	-82	-83	-85	-101	-94	-114	-92	-89	-94

2#	-82	-83	-85	-101	-94	-114	-92	-89	-94

2#	-87	-85	-82	-96	-94	-114	-92	-89	-94

2#	-87	-85	-82	-96	-94	-114	-92	-89	-94

2#	-87	-85	-82	-96	-94	-114	-92	-89	-94

2#	-90	-79	-88	-91	-94	-114	-92	-89	-94

2#	-90	-79	-88	-91	-94	-114	-92	-89	-94

2#	-90	-79	-88	-91	-94	-114	-92	-89	-94

2#	-68	-87	-80	-94	-114	-92	-89	-94

2#	-68	-87	-80	-94	-114	-92	-89	-94

2#	-68	-87	-80	-94	-114	-92	-89	-94

2#	-69	-85	-76	-94	-114	-92	-89	-94

2#	-69	-85	-76	-94	-114	-92	-89	-94

2#	-69	-85	-76	-94	-114	-92	-89	-94

2#	-65	-82	-86	-94	-114	-92	-89	-94

2#	-65	-82	-86	-94	-114	-92	-89	-94

2#	-65	-82	-86	-94	-114	-92	-89	-94

2#	-67	-86	-84	-94	-114	-92	-89	-94

2#	-67	-86	-84	-94	-114	-92	-89	-94

2#	-67	-86	-84	-94	-114	-92	-89	-94

2#	-72	-87	-87	-94	-114	-92	-89	-94

2#	-72	-87	-87	-94	-114	-92	-89	-94

2#	-72	-87	-87	-94	-114	-92	-89	-94

2#	-64	-81	-86	-83	-94	-114	-92	-89	-94

2#	-64	-81	-86	-83	-94	-114	-92	-89	-94

2#	-64	-81	-86	-83	-94	-114	-92	-89	-94

2#	-62	-79	-84	-83	-94	-114	-92	-89	-94

2#	-62	-79	-84	-83	-94	-114	-92	-89	-94

2#	-62	-79	-84	-83	-94	-114	-92	-89	-94

2#	-63	-80	-84	-83	-94	-114	-92	-89	-94

2#	-63	-80	-84	-83	-94	-114	-92	-89	-94

2#	-63	-80	-84	-83	-94	-114	-92	-89	-94

2#	-63	-82	-83	-84	-94	-114	-92	-89	-94

2#	-63	-82	-83	-84	-94	-114	-92	-89	-94

2#	-63	-82	-83	-84	-94	-114	-92	-89	-94

2#	-64	-83	-81	-87	-94	-114	-92	-89	-94

2#	-64	-83	-81	-87	-94	-114	-92	-89	-94

2#	-64	-83	-81	-87	-94	-114	-92	-89	-94

2#	-63	-81	-85	-84	-94	-114	-92	-89	-94

2#	-63	-81	-85	-84	-94	-114	-92	-89	-94

2#	-63	-81	-85	-84	-94	-114	-92	-89	-94

2#	-63	-81	-85	-83	-94	-114	-92	-89	-94

2#	-63	-81	-85	-83	-94	-114	-92	-89	-94

2#	-63	-81	-85	-83	-94	-114	-92	-89	-94

2#	-65	-77	-81	-83	-94	-114	-92	-89	-94

2#	-65	-77	-81	-83	-94	-114	-92	-89	-94

2#	-65	-77	-81	-83	-94	-114	-92	-89	-94

2#	-68	-84	-88	-81	-94	-114	-92	-89	-94

2#	-68	-84	-88	-81	-94	-114	-92	-89	-94

2#	-68	-84	-88	-81	-94	-114	-92	-89	-94

2#	-74	-78	-80	-86	-94	-114	-92	-89	-94

2#	-74	-78	-80	-86	-94	-114	-92	-89	-94

2#	-74	-78	-80	-86	-94	-114	-92	-89	-94

2#	-79	-79	-80	-91	-94	-114	-92	-89	-94

2#	-79	-79	-80	-91	-94	-114	-92	-89	-94

2#	-79	-79	-80	-91	-94	-114	-92	-89	-94

2#	-75	-79	-81	-88	-94	-114	-92	-89	-94

2#	-75	-79	-81	-88	-94	-114	-92	-89	-94

2#	-75	-79	-81	-88	-94	-114	-92	-89	-94

2#	-81	-86	-85	-95	-94	-114	-92	-89	-94

2#	-81	-86	-85	-95	-94	-114	-92	-89	-94

2#	-81	-86	-85	-95	-94	-114	-92	-89	-94

2#	-82	-80	-83	-90	-94	-114	-92	-89	-94

2#	-82	-80	-83	-90	-94	-114	-92	-89	-94

2#	-82	-80	-83	-90	-94	-114	-92	-89	-94

2#	-84	-79	-86	-87	-94	-114	-92	-89	-94

2#	-84	-79	-86	-87	-94	-114	-92	-89	-94

2#	-84	-79	-86	-87	-94	-114	-92	-89	-94

2#	-81	-80	-83	-93	-94	-114	-92	-89	-94

2#	-81	-80	-83	-93	-94	-114	-92	-89	-94

2#	-81	-80	-83	-93	-94	-114	-92	-89	-94

2#	-82	-80	-85	-92	-94	-114	-92	-89	-94

2#	-82	-80	-85	-92	-94	-114	-92	-89	-94

2#	-82	-80	-85	-92	-94	-114	-92	-89	-94

2#	-83	-82	-91	-98	-94	-114	-92	-89	-94

2#	-83	-82	-91	-98	-94	-114	-92	-89	-94

2#	-83	-82	-91	-98	-94	-114	-92	-89	-94

2#	-86	-85	-90	-91	-94	-114	-92	-89	-94

2#	-86	-85	-90	-91	-94	-114	-92	-89	-94

2#	-86	-85	-90	-91	-94	-114	-92	-89	-94

2#	-85	-89	-88	-90	-87	-94	-114	-92	-89	-94

2#	-85	-89	-88	-90	-87	-94	-114	-92	-89	-94

2#	-85	-89	-88	-90	-87	-94	-114	-92	-89	-94

2#	-85	-89	-86	-87	-93	-91	-95	-99	-94	-114	-92	-89	-94

2#	-85	-89	-86	-87	-93	-91	-95	-99	-94	-114	-92	-89	-94

2#	-85	-89	-86	-87	-93	-91	-95	-99	-94	-114	-92	-89	-94

2#	-85	-82	-84	-89	-89	-94	-90	-86	-94	-114	-92	-89	-94

2#	-85	-82	-84	-89	-89	-94	-90	-86	-94	-114	-92	-89	-94

2#	-85	-82	-84	-89	-89	-94	-90	-86	-94	-114	-92	-89	-94

2#	-80	-87	-88	-93	-91	-99	-92	-98	-94	-114	-92	-89	-94

2#	-80	-87	-88	-93	-91	-99	-92	-98	-94	-114	-92	-89	-94

2#	-80	-87	-88	-93	-91	-99	-92	-98	-94	-114	-92	-89	-94

2#	-83	-88	-87	-93	-91	-94	-96	-98	-94	-114	-92	-89	-94

2#	-83	-88	-87	-93	-91	-94	-96	-98	-94	-114	-92	-89	-94

2#	-83	-88	-87	-93	-91	-94	-96	-98	-94	-114	-92	-89	-94

2#	-83	-82	-87	-87	-87	-93	-94	-94	-94	-114	-92	-89	-94

2#	-83	-82	-87	-87	-87	-93	-94	-94	-94	-114	-92	-89	-94

2#	-83	-82	-87	-87	-87	-93	-94	-94	-94	-114	-92	-89	-94

2#	-77	-83	-81	-88	-90	-89	-90	-92	-94	-114	-92	-89	-94

2#	-77	-83	-81	-88	-90	-89	-90	-92	-94	-114	-92	-89	-94

2#	-77	-83	-81	-88	-90	-89	-90	-92	-94	-114	-92	-89	-94

2#	-76	-77	-77	-89	-89	-86	-90	-86	-94	-114	-92	-89	-94

2#	-76	-77	-77	-89	-89	-86	-90	-86	-94	-114	-92	-89	-94

2#	-76	-77	-77	-89	-89	-86	-90	-86	-94	-114	-92	-89	-94

2#	-78	-81	-85	-88	-94	-92	-92	-93	-94	-114	-92	-89	-94

2#	-78	-81	-85	-88	-94	-92	-92	-93	-94	-114	-92	-89	-94

2#	-78	-81	-85	-88	-94	-92	-92	-93	-94	-114	-92	-89	-94

2#	-80	-81	-86	-89	-88	-94	-96	-91	-94	-114	-92	-89	-94

2#	-80	-81	-86	-89	-88	-94	-96	-91	-94	-114	-92	-89	-94

2#	-80	-81	-86	-89	-88	-94	-96	-91	-94	-114	-92	-89	-94

2#	-74	-87	-81	-90	-91	-91	-92	-88	-94	-114	-92	-89	-94

2#	-74	-87	-81	-90	-91	-91	-92	-88	-94	-114	-92	-89	-94

2#	-74	-87	-81	-90	-91	-91	-92	-88	-94	-114	-92	-89	-94

2#	-68	-85	-84	-94	-114	-92	-89	-94

2#	-68	-85	-84	-94	-114	-92	-89	-94

2#	-68	-85	-84	-94	-114	-92	-89	-94

2#	-66	-78	-83	-94	-114	-92	-89	-94

2#	-66	-78	-83	-94	-114	-92	-89	-94

2#	-66	-78	-83	-94	-114	-92	-89	-94

2#	-79	-77	-83	-94	-114	-92	-89	-94

2#	-79	-77	-83	-94	-114	-92	-89	-94

2#	-79	-77	-83	-94	-114	-92	-89	-94

2#	-80	-77	-79	-94	-114	-92	-89	-94

2#	-80	-77	-79	-94	-114	-92	-89	-94

2#	-80	-77	-79	-94	-114	-92	-89	-94

2#	-80	-81	-83	-94	-114	-92	-89	-94

2#	-80	-81	-83	-94	-114	-92	-89	-94

2#	-80	-81	-83	-94	-114	-92	-89	-94

2#	-76	-84	-86	-94	-114	-92	-89	-94

2#	-76	-84	-86	-94	-114	-92	-89	-94

2#	-76	-84	-86	-94	-114	-92	-89	-94

2#	-75	-86	-86	-94	-114	-92	-89	-94

2#	-75	-86	-86	-94	-114	-92	-89	-94

2#	-75	-86	-86	-94	-114	-92	-89	-94

2#	-79	-88	-89	-94	-114	-92	-89	-94

2#	-79	-88	-89	-94	-114	-92	-89	-94

2#	-79	-88	-89	-94	-114	-92	-89	-94

2#	-76	-85	-86	-94	-114	-92	-89	-94

2#	-76	-85	-86	-94	-114	-92	-89	-94

2#	-76	-85	-86	-94	-114	-92	-89	-94

2#	-82	-81	-86	-94	-114	-92	-89	-94

2#	-82	-81	-86	-94	-114	-92	-89	-94

2#	-82	-81	-86	-94	-114	-92	-89	-94

2#	-77	-85	-89	-94	-114	-92	-89	-94

2#	-77	-85	-89	-94	-114	-92	-89	-94

2#	-77	-85	-89	-94	-114	-92	-89	-94

2#	-79	-84	-91	-94	-114	-92	-89	-94

2#	-79	-84	-91	-94	-114	-92	-89	-94

2#	-79	-84	-91	-94	-114	-92	-89	-94

2#	-80	-83	-93	-94	-114	-92	-89	-94

2#	-80	-83	-93	-94	-114	-92	-89	-94

2#	-80	-83	-93	-94	-114	-92	-89	-94

2#	-78	-81	-87	-94	-114	-92	-89	-94

2#	-78	-81	-87	-94	-114	-92	-89	-94

2#	-78	-81	-87	-94	-114	-92	-89	-94

2#	-87	-86	-88	-94	-114	-92	-89	-94

2#	-87	-86	-88	-94	-114	-92	-89	-94

2#	-87	-86	-88	-94	-114	-92	-89	-94

2#	-83	-92	-82	-94	-114	-92	-89	-94

2#	-83	-92	-82	-94	-114	-92	-89	-94

2#	-83	-92	-82	-94	-114	-92	-89	-94

2#	-85	-84	-84	-95	-91	-94	-114	-92	-89	-94

2#	-85	-84	-84	-95	-91	-94	-114	-92	-89	-94

2#	-85	-84	-84	-95	-91	-94	-114	-92	-89	-94

2#	-80	-85	-84	-90	-91	-94	-114	-92	-89	-94

2#	-80	-85	-84	-90	-91	-94	-114	-92	-89	-94

2#	-80	-85	-84	-90	-91	-94	-114	-92	-89	-94

2#	-83	-89	-88	-95	-99	-94	-114	-92	-89	-94

2#	-83	-89	-88	-95	-99	-94	-114	-92	-89	-94

2#	-83	-89	-88	-95	-99	-94	-114	-92	-89	-94

2#	-71	-88	-89	-90	-95	-94	-114	-92	-89	-94

2#	-71	-88	-89	-90	-95	-94	-114	-92	-89	-94

2#	-71	-88	-89	-90	-95	-94	-114	-92	-89	-94

2#	-76	-84	-90	-93	-93	-94	-114	-92	-89	-94

2#	-76	-84	-90	-93	-93	-94	-114	-92	-89	-94

2#	-76	-84	-90	-93	-93	-94	-114	-92	-89	-94

2#	-81	-90	-85	-95	-94	-92	-94	-114	-92	-89	-94

2#	-81	-90	-85	-95	-94	-92	-94	-114	-92	-89	-94

2#	-81	-90	-85	-95	-94	-92	-94	-114	-92	-89	-94

2#	-84	-81	-91	-95	-91	-91	-94	-114	-92	-89	-94

2#	-84	-81	-91	-95	-91	-91	-94	-114	-92	-89	-94

2#	-84	-81	-91	-95	-91	-91	-94	-114	-92	-89	-94

2#	-81	-89	-100	-88	-95	-98	-94	-114	-92	-89	-94

2#	-81	-89	-100	-88	-95	-98	-94	-114	-92	-89	-94

2#	-81	-89	-100	-88	-95	-98	-94	-114	-92	-89	-94

2#	-83	-88	-87	-91	-93	-94	-94	-114	-92	-89	-94

2#	-83	-88	-87	-91	-93	-94	-94	-114	-92	-89	-94

2#	-83	-88	-87	-91	-93	-94	-94	-114	-92	-89	-94

2#	-82	-85	-87	-97	-99	-94	-114	-92	-89	-94

2#	-82	-85	-87	-97	-99	-94	-114	-92	-89	-94

2#	-82	-85	-87	-97	-99	-94	-114	-92	-89	-94

2#	-83	-89	-90	-96	-98	-94	-114	-92	-89	-94

2#	-83	-89	-90	-96	-98	-94	-114	-92	-89	-94

2#	-83	-89	-90	-96	-98	-94	-114	-92	-89	-94

2#	-76	-88	-94	-93	-103	-94	-114	-92	-89	-94

2#	-76	-88	-94	-93	-103	-94	-114	-92	-89	-94

2#	-76	-88	-94	-93	-103	-94	-114	-92	-89	-94

2#	-78	-86	-91	-96	-94	-94	-114	-92	-89	-94

2#	-78	-86	-91	-96	-94	-94	-114	-92	-89	-94

2#	-78	-86	-91	-96	-94	-94	-114	-92	-89	-94

2#	-81	-91	-88	-100	-98	-94	-114	-92	-89	-94

2#	-81	-91	-88	-100	-98	-94	-114	-92	-89	-94

2#	-81	-91	-88	-100	-98	-94	-114	-92	-89	-94

2#	-82	-86	-96	-100	-104	-94	-114	-92	-89	-94

2#	-82	-86	-96	-100	-104	-94	-114	-92	-89	-94

2#	-82	-86	-96	-100	-104	-94	-114	-92	-89	-94

2#	-77	-85	-92	-97	-94	-94	-114	-92	-89	-94

2#	-77	-85	-92	-97	-94	-94	-114	-92	-89	-94

2#	-77	-85	-92	-97	-94	-94	-114	-92	-89	-94

2#	-81	-82	-85	-96	-94	-94	-114	-92	-89	-94

2#	-81	-82	-85	-96	-94	-94	-114	-92	-89	-94

2#	-81	-82	-85	-96	-94	-94	-114	-92	-89	-94

2#	-80	-82	-82	-86	-90	-94	-114	-92	-89	-94

2#	-80	-82	-82	-86	-90	-94	-114	-92	-89	-94

2#	-80	-82	-82	-86	-90	-94	-114	-92	-89	-94

2#	-72	-81	-83	-88	-89	-94	-114	-92	-89	-94

2#	-72	-81	-83	-88	-89	-94	-114	-92	-89	-94

2#	-72	-81	-83	-88	-89	-94	-114	-92	-89	-94

2#	-78	-85	-82	-91	-94	-94	-114	-92	-89	-94

2#	-78	-85	-82	-91	-94	-94	-114	-92	-89	-94

2#	-78	-85	-82	-91	-94	-94	-114	-92	-89	-94

2#	-79	-84	-79	-87	-88	-94	-114	-92	-89	-94

2#	-79	-84	-79	-87	-88	-94	-114	-92	-89	-94

2#	-79	-84	-79	-87	-88	-94	-114	-92	-89	-94

2#	-80	-82	-79	-95	-95	-94	-114	-92	-89	-94

2#	-80	-82	-79	-95	-95	-94	-114	-92	-89	-94

2#	-80	-82	-79	-95	-95	-94	-114	-92	-89	-94

2#	-81	-79	-90	-80	-92	-94	-114	-92	-89	-94

2#	-81	-79	-90	-80	-92	-94	-114	-92	-89	-94

2#	-81	-79	-90	-80	-92	-94	-114	-92	-89	-94

2#	-82	-82	-96	-87	-94	-94	-114	-92	-89	-94

2#	-82	-82	-96	-87	-94	-94	-114	-92	-89	-94

2#	-82	-82	-96	-87	-94	-94	-114	-92	-89	-94

2#	-74	-85	-84	-95	-90	-94	-114	-92	-89	-94

2#	-74	-85	-84	-95	-90	-94	-114	-92	-89	-94

2#	-74	-85	-84	-95	-90	-94	-114	-92	-89	-94

2#	-68	-78	-84	-86	-94	-114	-92	-89	-94

2#	-68	-78	-84	-86	-94	-114	-92	-89	-94

2#	-68	-78	-84	-86	-94	-114	-92	-89	-94

2#	-71	-79	-82	-77	-94	-114	-92	-89	-94

2#	-71	-79	-82	-77	-94	-114	-92	-89	-94

2#	-71	-79	-82	-77	-94	-114	-92	-89	-94

2#	-75	-83	-78	-87	-94	-114	-92	-89	-94

2#	-75	-83	-78	-87	-94	-114	-92	-89	-94

2#	-75	-83	-78	-87	-94	-114	-92	-89	-94

2#	-84	-81	-86	-90	-94	-114	-92	-89	-94

2#	-84	-81	-86	-90	-94	-114	-92	-89	-94

2#	-84	-81	-86	-90	-94	-114	-92	-89	-94

2#	-74	-88	-85	-96	-94	-114	-92	-89	-94

2#	-74	-88	-85	-96	-94	-114	-92	-89	-94

2#	-74	-88	-85	-96	-94	-114	-92	-89	-94

2#	-77	-88	-87	-88	-93	-90	-94	-114	-92	-89	-94

2#	-77	-88	-87	-88	-93	-90	-94	-114	-92	-89	-94

2#	-77	-88	-87	-88	-93	-90	-94	-114	-92	-89	-94

2#	-74	-84	-82	-86	-87	-90	-94	-114	-92	-89	-94

2#	-74	-84	-82	-86	-87	-90	-94	-114	-92	-89	-94

2#	-74	-84	-82	-86	-87	-90	-94	-114	-92	-89	-94

2#	-74	-89	-87	-84	-93	-89	-94	-114	-92	-89	-94

2#	-74	-89	-87	-84	-93	-89	-94	-114	-92	-89	-94

2#	-74	-89	-87	-84	-93	-89	-94	-114	-92	-89	-94

2#	-72	-83	-85	-88	-92	-90	-94	-114	-92	-89	-94

2#	-72	-83	-85	-88	-92	-90	-94	-114	-92	-89	-94

2#	-72	-83	-85	-88	-92	-90	-94	-114	-92	-89	-94

2#	-76	-84	-85	-84	-92	-93	-94	-114	-92	-89	-94

2#	-76	-84	-85	-84	-92	-93	-94	-114	-92	-89	-94

2#	-76	-84	-85	-84	-92	-93	-94	-114	-92	-89	-94

2#	-77	-85	-84	-90	-94	-114	-92	-89	-94

2#	-77	-85	-84	-90	-94	-114	-92	-89	-94

2#	-77	-85	-84	-90	-94	-114	-92	-89	-94

2#	-76	-82	-87	-89	-94	-114	-92	-89	-94

2#	-76	-82	-87	-89	-94	-114	-92	-89	-94

2#	-76	-82	-87	-89	-94	-114	-92	-89	-94

2#	-73	-81	-86	-81	-94	-114	-92	-89	-94

2#	-73	-81	-86	-81	-94	-114	-92	-89	-94

2#	-73	-81	-86	-81	-94	-114	-92	-89	-94

2#	-77	-78	-84	-87	-94	-114	-92	-89	-94

2#	-77	-78	-84	-87	-94	-114	-92	-89	-94

2#	-77	-78	-84	-87	-94	-114	-92	-89	-94

2#	-78	-78	-88	-87	-94	-114	-92	-89	-94

2#	-78	-78	-88	-87	-94	-114	-92	-89	-94

2#	-78	-78	-88	-87	-94	-114	-92	-89	-94

2#	-73	-79	-91	-94	-114	-92	-89	-94

2#	-73	-79	-91	-94	-114	-92	-89	-94

2#	-73	-79	-91	-94	-114	-92	-89	-94

2#	-75	-83	-86	-94	-114	-92	-89	-94

2#	-75	-83	-86	-94	-114	-92	-89	-94

2#	-75	-83	-86	-94	-114	-92	-89	-94

2#	-78	-79	-89	-94	-114	-92	-89	-94

2#	-78	-79	-89	-94	-114	-92	-89	-94

2#	-78	-79	-89	-94	-114	-92	-89	-94

2#	-74	-80	-83	-94	-114	-92	-89	-94

2#	-74	-80	-83	-94	-114	-92	-89	-94

2#	-74	-80	-83	-94	-114	-92	-89	-94

2#	-70	-83	-87	-94	-114	-92	-89	-94

2#	-70	-83	-87	-94	-114	-92	-89	-94

2#	-70	-81	-91	-94	-114	-92	-89	-94

2#	-70	-81	-91	-94	-114	-92	-89	-94

2#	-70	-81	-91	-94	-114	-92	-89	-94

2#	-76	-75	-87	-87	-94	-114	-92	-89	-94

2#	-76	-75	-87	-87	-94	-114	-92	-89	-94

2#	-76	-75	-87	-87	-94	-114	-92	-89	-94

2#	-77	-82	-82	-89	-94	-114	-92	-89	-94

2#	-77	-82	-82	-89	-94	-114	-92	-89	-94

2#	-77	-82	-82	-89	-94	-114	-92	-89	-94

2#	-78	-77	-82	-85	-94	-114	-92	-89	-94

2#	-78	-77	-82	-85	-94	-114	-92	-89	-94

2#	-78	-77	-82	-85	-94	-114	-92	-89	-94

2#	-79	-84	-83	-90	-94	-114	-92	-89	-94

2#	-79	-84	-83	-90	-94	-114	-92	-89	-94

2#	-79	-84	-83	-90	-94	-114	-92	-89	-94

2#	-78	-79	-88	-89	-94	-114	-92	-89	-94

2#	-78	-79	-88	-89	-94	-114	-92	-89	-94

2#	-78	-79	-88	-89	-94	-114	-92	-89	-94

2#	-77	-77	-83	-88	-94	-114	-92	-89	-94

2#	-77	-77	-83	-88	-94	-114	-92	-89	-94

2#	-77	-77	-83	-88	-94	-114	-92	-89	-94

2#	-72	-78	-81	-87	-94	-114	-92	-89	-94

2#	-72	-78	-81	-87	-94	-114	-92	-89	-94

2#	-72	-78	-81	-87	-94	-114	-92	-89	-94

2#	-71	-78	-86	-85	-94	-114	-92	-89	-94

2#	-71	-78	-86	-85	-94	-114	-92	-89	-94

2#	-71	-78	-86	-85	-94	-114	-92	-89	-94

2#	-70	-79	-85	-87	-94	-114	-92	-89	-94

2#	-70	-79	-85	-87	-94	-114	-92	-89	-94

2#	-70	-79	-85	-87	-94	-114	-92	-89	-94

2#	-71	-81	-81	-87	-94	-114	-92	-89	-94

2#	-71	-81	-81	-87	-94	-114	-92	-89	-94

2#	-71	-81	-81	-87	-94	-114	-92	-89	-94

2#	-69	-84	-81	-94	-90	-94	-114	-92	-89	-94

2#	-69	-84	-81	-94	-90	-94	-114	-92	-89	-94

2#	-69	-84	-81	-94	-90	-94	-114	-92	-89	-94

2#	-67	-82	-85	-91	-89	-94	-114	-92	-89	-94

2#	-67	-82	-85	-91	-89	-94	-114	-92	-89	-94

2#	-67	-82	-85	-91	-89	-94	-114	-92	-89	-94

2#	-67	-82	-84	-86	-91	-94	-114	-92	-89	-94

2#	-67	-82	-84	-86	-91	-94	-114	-92	-89	-94

2#	-67	-82	-84	-86	-91	-94	-114	-92	-89	-94

2#	-73	-79	-88	-90	-88	-94	-114	-92	-89	-94

2#	-73	-79	-88	-90	-88	-94	-114	-92	-89	-94

2#	-73	-79	-88	-90	-88	-94	-114	-92	-89	-94

2#	-70	-82	-92	-85	-93	-94	-114	-92	-89	-94

2#	-70	-82	-92	-85	-93	-94	-114	-92	-89	-94

2#	-70	-82	-92	-85	-93	-94	-114	-92	-89	-94

2#	-69	-80	-79	-89	-94	-114	-92	-89	-94

2#	-69	-80	-79	-89	-94	-114	-92	-89	-94

2#	-69	-80	-79	-89	-94	-114	-92	-89	-94

2#	-67	-81	-81	-91	-94	-114	-92	-89	-94

2#	-67	-81	-81	-91	-94	-114	-92	-89	-94

2#	-67	-81	-81	-91	-94	-114	-92	-89	-94

2#	-68	-81	-84	-87	-94	-114	-92	-89	-94

2#	-68	-81	-84	-87	-94	-114	-92	-89	-94

2#	-68	-81	-84	-87	-94	-114	-92	-89	-94

2#	-69	-83	-88	-90	-94	-114	-92	-89	-94

2#	-69	-83	-88	-90	-94	-114	-92	-89	-94

2#	-69	-83	-88	-90	-94	-114	-92	-89	-94

2#	-68	-83	-85	-84	-94	-114	-92	-89	-94

2#	-68	-83	-85	-84	-94	-114	-92	-89	-94

2#	-68	-83	-85	-84	-94	-114	-92	-89	-94

2#	-67	-77	-84	-94	-114	-92	-89	-94

2#	-67	-77	-84	-94	-114	-92	-89	-94

2#	-67	-77	-84	-94	-114	-92	-89	-94

2#	-68	-74	-85	-94	-114	-92	-89	-94

2#	-68	-74	-85	-94	-114	-92	-89	-94

2#	-68	-74	-85	-94	-114	-92	-89	-94

2#	-67	-77	-83	-94	-114	-92	-89	-94

1#	-93	-103

1#	-93	-103

1#	-93	-103

1#	-94	-104

1#	-94	-104

1#	-94	-104

1#	-95	-97

1#	-95	-97

1#	-95	-97

1#	-100	-101	-117

1#	-100	-101	-117

1#	-100	-101	-117

1#	-107	-110	-121

1#	-107	-110	-121

1#	-107	-110	-121

1#	-104	-106	-118

1#	-104	-106	-118

1#	-104	-106	-118

1#	-108	-102	-116

1#	-108	-102	-116

1#	-108	-102	-116

1#	-97	-104	-111	0

1#	-97	-104	-111	0

1#	-97	-104	-111	0

1#	-97	-105	-113	0

1#	-97	-105	-113	0

1#	-97	-105	-113	0

1#	-102	-101	-118	0

1#	-102	-101	-118	0

1#	-102	-101	-118	0

1#	-104	-103	-116	0

1#	-104	-103	-116	0

1#	-104	-103	-116	0

1#	-102	-103	-118	0

1#	-102	-103	-118	0

1#	-102	-103	-118	0

1#	-104	-104	-113	0

1#	-104	-104	-113	0

1#	-104	-104	-113	0

1#	-103	-104	-118	-112	0

1#	-103	-104	-118	-112	0

1#	-103	-104	-118	-112	0

1#	-103	-104	-112	-118	0

1#	-103	-104	-112	-118	0

1#	-103	-104	-112	-118	0

1#	-103	-104	-111	-111	0

1#	-103	-104	-111	-111	0

1#	-103	-104	-111	-111	0

1#	-102	-104	-111	-116	0

1#	-102	-104	-111	-116	0

1#	-102	-104	-111	-116	0

1#	-103	-105	-115	-116	0

1#	-103	-105	-115	-116	0

1#	-103	-105	-115	-116	0

1#	-102	-104	-109	-111	-112	0

1#	-102	-104	-109	-111	-112	0

1#	-102	-104	-109	-111	-112	0

1#	-104	-105	-112	-116	-118	0

1#	-104	-105	-112	-116	-118	0

1#	-104	-105	-112	-116	-118	0

1#	-102	-103	-110	-115	-119	0

1#	-102	-103	-110	-115	-119	0

1#	-102	-103	-110	-115	-119	0

1#	-103	-106	-113	-117	-119	0

1#	-103	-106	-113	-117	-119	0

1#	-103	-106	-113	-117	-119	0

1#	-104	-107	-109	-120	-115	0

1#	-104	-107	-109	-120	-115	0

1#	-104	-107	-109	-120	-115	0

1#	-103	-106	-110	-116	-119	0

1#	-103	-106	-110	-116	-119	0

1#	-103	-106	-110	-116	-119	0

1#	-103	-104	-111	-115	-116	0

1#	-103	-104	-111	-115	-116	0

1#	-103	-104	-111	-115	-116	0

1#	-103	-104	-110	-109	-115	0

1#	-103	-104	-110	-109	-115	0

1#	-103	-104	-110	-109	-115	0

1#	-104	-104	-110	-111	-117	0

1#	-104	-104	-110	-111	-117	0

1#	-104	-104	-110	-111	-117	0

1#	-103	-105	-111	-115	-117	0

1#	-103	-105	-111	-115	-117	0

1#	-103	-105	-111	-115	-117	0

1#	-103	-105	-110	-112	0

1#	-103	-105	-110	-112	0

1#	-103	-105	-110	-112	0

1#	-103	-104	-112	-121	0

1#	-103	-104	-112	-121	0

1#	-103	-104	-112	-121	0

1#	-104	-105	-111	-115	0

1#	-104	-105	-111	-115	0

1#	-104	-105	-111	-115	0

1#	-104	-105	-118	-114	0

1#	-104	-105	-118	-114	0

1#	-104	-105	-118	-114	0

1#	-103	-105	-110	-113	0

1#	-103	-105	-110	-113	0

1#	-103	-105	-110	-113	0

1#	-103	-105	-111	-115	0

1#	-103	-105	-111	-115	0

1#	-103	-105	-111	-115	0

1#	-103	-104	-115	-112	0

1#	-103	-104	-115	-112	0

1#	-103	-104	-115	-112	0

1#	-103	-103	-113	-121	0

1#	-103	-103	-113	-121	0

1#	-103	-103	-113	-121	0

1#	-102	-106	-112	-120	0

1#	-102	-106	-112	-120	0

1#	-102	-106	-112	-120	0

1#	-103	-103	-111	-120	0

1#	-103	-103	-111	-120	0

1#	-103	-103	-111	-120	0

1#	-103	-104	-110	-117	0

1#	-103	-104	-110	-117	0

1#	-103	-104	-110	-117	0

1#	-102	-104	-112	-113	-116	0

1#	-102	-104	-112	-113	-116	0

1#	-102	-104	-112	-113	-116	0

1#	-101	-104	-109	-110	-119	0

1#	-101	-104	-109	-110	-119	0

1#	-101	-104	-109	-110	-119	0

1#	-103	-104	-108	-113	-116	0

1#	-103	-104	-108	-113	-116	0

1#	-103	-104	-108	-113	-116	0

1#	-102	-104	-110	-117	-121	0

1#	-102	-104	-110	-117	-121	0

1#	-102	-104	-110	-117	-121	0

1#	-102	-104	-113	-113	-114	0

1#	-102	-104	-113	-113	-114	0

1#	-102	-104	-113	-113	-114	0

1#	-103	-103	-111	-114	-115	0

1#	-103	-103	-111	-114	-115	0

1#	-103	-103	-111	-114	-115	0

1#	-103	-104	-108	-113	-110	0

1#	-103	-104	-108	-113	-110	0

1#	-103	-104	-108	-113	-110	0

1#	-101	-104	-111	-111	-116	0

1#	-101	-104	-111	-111	-116	0

1#	-101	-104	-111	-111	-116	0

1#	-105	-106	-112	-116	-114	0

1#	-105	-106	-112	-116	-114	0

1#	-105	-106	-112	-116	-114	0

1#	-105	-108	-115	-117	-117	0

1#	-105	-108	-115	-117	-117	0

1#	-105	-108	-115	-117	-117	0

1#	-101	-104	-115	-117	0

1#	-101	-104	-115	-117	0

1#	-101	-104	-115	-117	0

1#	-99	-101	-109	-114	0

1#	-99	-101	-109	-114	0

1#	-99	-101	-109	-114	0

1#	-104	-103	-111	-117	0

1#	-104	-103	-111	-117	0

1#	-104	-103	-111	-117	0

1#	-104	-104	-110	-118	0

1#	-104	-104	-110	-118	0

1#	-104	-104	-110	-118	0

1#	-104	-103	-113	-113	0

1#	-104	-103	-113	-113	0

1#	-104	-103	-113	-113	0

1#	-105	-104	-112	-123	0

1#	-105	-104	-112	-123	0

1#	-105	-104	-112	-123	0

1#	-105	-103	-110	-119	0

1#	-105	-103	-110	-119	0

1#	-105	-103	-110	-119	0

1#	-105	-104	-112	-115	0

1#	-105	-104	-112	-115	0

1#	-105	-104	-112	-115	0

1#	-104	-104	-112	-113	0

1#	-104	-104	-112	-113	0

1#	-104	-104	-112	-113	0

1#	-104	-104	-113	-116	0

1#	-104	-104	-113	-116	0

1#	-104	-104	-113	-116	0

1#	-104	-104	-106	-112	0

1#	-104	-104	-106	-112	0

1#	-104	-104	-106	-112	0

1#	-105	-104	-109	-115	0

1#	-105	-104	-109	-115	0

1#	-105	-104	-109	-115	0

1#	-105	-103	-108	-121	0

1#	-105	-103	-108	-121	0

1#	-105	-103	-108	-121	0

1#	-105	-104	-109	-111	0

1#	-105	-104	-109	-111	0

1#	-105	-104	-109	-111	0

1#	-105	-106	-110	-111	0

1#	-105	-106	-110	-111	0

1#	-105	-106	-110	-111	0

1#	-104	-104	-111	-120	0

1#	-104	-104	-111	-120	0

1#	-104	-104	-111	-120	0

1#	-105	-103	-110	-120	0

1#	-105	-103	-110	-120	0

1#	-105	-103	-110	-120	0

1#	-104	-105	-109	-121	0

1#	-104	-105	-109	-121	0

1#	-104	-105	-109	-121	0

1#	-104	-104	-107	-112	0

1#	-104	-104	-107	-112	0

1#	-104	-104	-107	-112	0

1#	-104	-103	-110	-118	0

1#	-104	-103	-110	-118	0

1#	-104	-103	-110	-118	0

1#	-104	-104	-108	-112	0

1#	-104	-104	-108	-112	0

1#	-104	-104	-108	-112	0

1#	-104	-103	-115	-119	0

1#	-104	-103	-115	-119	0

1#	-104	-103	-115	-119	0

1#	-104	-103	-110	-123	0

1#	-104	-103	-110	-123	0

1#	-104	-103	-110	-123	0

1#	-104	-104	-111	-117	0

1#	-104	-104	-111	-117	0

1#	-104	-104	-111	-117	0

1#	-104	-102	-111	-116	0

1#	-104	-102	-111	-116	0

1#	-104	-102	-111	-116	0

1#	-104	-103	-108	-121	0

1#	-104	-103	-108	-121	0

1#	-104	-103	-108	-121	0

1#	-104	-103	-112	-112	0

1#	-104	-103	-112	-112	0

1#	-104	-103	-112	-112	0

1#	-103	-104	-112	-119	0

1#	-103	-104	-112	-119	0

1#	-103	-104	-112	-119	0

1#	-104	-104	-109	-114	0

1#	-104	-104	-109	-114	0

1#	-104	-104	-109	-114	0

1#	-104	-104	-109	-121	0

1#	-104	-104	-109	-121	0

1#	-104	-104	-109	-121	0

1#	-103	-104	-110	-119	0

1#	-103	-104	-110	-119	0

1#	-103	-104	-110	-119	0

1#	-103	-104	-109	-115	-113	0

1#	-103	-104	-109	-115	-113	0

1#	-103	-104	-109	-115	-113	0

1#	-103	-105	-106	-111	-111	0

1#	-103	-105	-106	-111	-111	0

1#	-103	-105	-106	-111	-111	0

1#	-103	-103	-112	-108	-112	0

1#	-103	-103	-112	-108	-112	0

1#	-103	-103	-112	-108	-112	0

1#	-104	-105	-109	-113	-117	0

1#	-104	-105	-109	-113	-117	0

1#	-104	-105	-109	-113	-117	0

1#	-103	-104	-110	-114	-117	0

1#	-103	-104	-110	-114	-117	0

1#	-103	-104	-110	-114	-117	0

1#	-104	-104	-110	-111	-120	0

1#	-104	-104	-110	-111	-120	0

1#	-104	-104	-110	-111	-120	0

1#	-104	-104	-112	-110	-112	0

1#	-104	-104	-112	-110	-112	0

1#	-103	-105	-109	-108	-109	0

1#	-103	-105	-109	-108	-109	0

1#	-103	-105	-109	-108	-109	0

1#	-103	-104	-110	-115	-120	0

1#	-103	-104	-110	-115	-120	0

1#	-103	-104	-110	-115	-120	0

1#	-104	-105	-109	-113	-117	0

1#	-104	-105	-109	-113	-117	0

1#	-104	-105	-109	-113	-117	0

1#	-104	-104	-109	-112	-114	0

1#	-104	-104	-109	-112	-114	0

1#	-104	-104	-109	-112	-114	0

1#	-104	-104	-112	-113	-121	0

1#	-104	-104	-112	-113	-121	0

1#	-104	-104	-112	-113	-121	0

1#	-104	-105	-111	-115	-115	0

1#	-104	-105	-111	-115	-115	0

1#	-104	-105	-111	-115	-115	0

1#	-103	-104	-109	-111	-120	0

1#	-103	-104	-109	-111	-120	0

1#	-103	-104	-109	-111	-120	0

1#	-104	-104	-111	-114	-114	0

1#	-104	-104	-111	-114	-114	0

1#	-104	-104	-111	-114	-114	0

1#	-103	-104	-109	-114	-120	0

1#	-103	-104	-109	-114	-120	0

1#	-103	-104	-109	-114	-120	0

1#	-103	-104	-111	-116	-117	0

1#	-103	-104	-111	-116	-117	0

1#	-103	-104	-111	-116	-117	0

1#	-103	-104	-110	-113	-120	0

1#	-103	-104	-110	-113	-120	0

1#	-103	-104	-110	-113	-120	0

1#	-103	-105	-110	-117	-116	0

1#	-103	-105	-110	-117	-116	0

1#	-103	-105	-110	-117	-116	0

1#	-103	-105	-110	-112	-116	0

1#	-103	-105	-110	-112	-116	0

1#	-103	-105	-110	-112	-116	0

1#	-103	-104	-109	-116	0

1#	-103	-104	-109	-116	0

1#	-103	-104	-109	-116	0

1#	-103	-103	-110	-116	0

1#	-103	-103	-110	-116	0

1#	-103	-103	-110	-116	0

1#	-103	-104	-109	-117	0

1#	-103	-104	-109	-117	0

1#	-103	-104	-109	-117	0

1#	-103	-104	-110	-117	0

1#	-103	-104	-110	-117	0

1#	-103	-104	-110	-117	0

1#	-103	-104	-111	-121	0

1#	-103	-104	-111	-121	0

1#	-103	-104	-111	-121	0

1#	-103	-105	-109	-118	0

1#	-103	-105	-109	-118	0

1#	-103	-105	-109	-118	0

1#	-103	-103	-106	-110	0

1#	-103	-103	-106	-110	0

1#	-103	-103	-106	-110	0

1#	-103	-104	-108	-111	0

1#	-103	-104	-108	-111	0

1#	-103	-104	-108	-111	0

1#	-103	-103	-109	-115	0

1#	-103	-103	-109	-115	0

1#	-103	-103	-109	-115	0

1#	-104	-104	-110	-113	0

1#	-104	-104	-110	-113	0

1#	-104	-104	-110	-113	0

1#	-104	-104	-111	-117	0

1#	-104	-104	-111	-117	0

1#	-104	-104	-111	-117	0

1#	-104	-104	-110	-119	0

1#	-104	-104	-110	-119	0

1#	-104	-104	-110	-119	0

1#	-104	-104	-111	-114	0

1#	-104	-104	-111	-114	0

1#	-104	-104	-111	-114	0

1#	-104	-104	-110	-114	0

1#	-104	-104	-110	-114	0

1#	-104	-104	-110	-114	0

1#	-104	-104	-110	-121	0

1#	-104	-104	-110	-121	0

1#	-104	-104	-110	-121	0

1#	-103	-104	-110	-115	0

1#	-103	-104	-110	-115	0

1#	-103	-104	-110	-115	0

1#	-103	-105	-110	-119	0

1#	-103	-105	-110	-119	0

1#	-103	-105	-110	-119	0

1#	-103	-104	-108	-111	0

1#	-103	-104	-108	-111	0

1#	-103	-104	-108	-111	0

1#	-103	-103	-110	-120	0

1#	-103	-103	-110	-120	0

1#	-103	-103	-110	-120	0

1#	-104	-105	-110	-116	0

1#	-104	-105	-110	-116	0

1#	-104	-105	-110	-116	0

1#	-104	-104	-111	-120	0

1#	-104	-104	-111	-120	0

1#	-104	-104	-111	-120	0

1#	-104	-105	-111	-117	-114	0

1#	-104	-105	-111	-117	-114	0

1#	-104	-105	-111	-117	-114	0

1#	-104	-104	-111	-116	-115	0

1#	-104	-104	-111	-116	-115	0

1#	-104	-104	-111	-116	-115	0

1#	-104	-103	-110	-115	-115	0

1#	-104	-103	-110	-115	-115	0

1#	-104	-103	-110	-115	-115	0

1#	-104	-103	-110	-114	-108	0

1#	-104	-103	-110	-114	-108	0

1#	-104	-103	-110	-114	-108	0

1#	-104	-104	-113	-113	-107	0

1#	-104	-104	-113	-113	-107	0

1#	-104	-104	-113	-113	-107	0

1#	-104	-103	-112	-111	0

1#	-104	-103	-112	-111	0

1#	-104	-103	-112	-111	0

1#	-104	-104	-113	-115	0

1#	-104	-104	-113	-115	0

1#	-104	-104	-113	-115	0

1#	-104	-104	-116	-116	0

1#	-104	-104	-116	-116	0

1#	-104	-104	-116	-116	0

1#	-104	-104	-111	-114	0

1#	-104	-104	-111	-114	0

1#	-104	-104	-111	-114	0

1#	-104	-104	-115	-117	0

1#	-104	-104	-115	-117	0

1#	-104	-104	-115	-117	0

1#	-103	-105	-120	0

1#	-103	-105	-120	0

1#	-103	-105	-120	0

1#	-103	-104	-113	0

1#	-103	-104	-113	0

1#	-103	-104	-113	0

1#	-104	-104	-113	0

1#	-104	-104	-113	0

1#	-104	-104	-113	0

1#	-103	-104	-110	0

1#	-103	-104	-110	0

1#	-103	-104	-110	0

1#	-103	-104	-121	0

1#	-103	-104	-121	0

1#	-103	-104	-121	0

1#	-103	-104	-109	-116	0

1#	-103	-104	-109	-116	0

1#	-103	-104	-109	-116	0

1#	-104	-104	-109	-118	0

1#	-104	-104	-109	-118	0

1#	-104	-104	-109	-118	0

1#	-104	-104	-111	-122	0

1#	-104	-104	-111	-122	0

1#	-104	-104	-111	-122	0

1#	-103	-104	-111	-115	0

1#	-103	-104	-111	-115	0

1#	-103	-104	-111	-115	0

1#	-104	-104	-111	-113	0

1#	-104	-104	-111	-113	0

1#	-104	-104	-111	-113	0

1#	-104	-104	-111	-114	-114	0

1#	-104	-104	-111	-114	-114	0

1#	-104	-104	-111	-114	-114	0

1#	-104	-104	-110	-115	-119	0

1#	-104	-104	-110	-115	-119	0

1#	-104	-104	-110	-115	-119	0

1#	-104	-105	-111	-115	-120	0

1#	-104	-105	-111	-115	-120	0

1#	-104	-105	-111	-115	-120	0

1#	-104	-104	-111	-114	-122	0

1#	-104	-104	-111	-114	-122	0

1#	-104	-104	-111	-114	-122	0

1#	-104	-104	-113	-117	-117	0

1#	-104	-104	-113	-117	-117	0

1#	-104	-104	-113	-117	-117	0

1#	-104	-105	-110	-116	-117	0

1#	-104	-105	-110	-116	-117	0

1#	-104	-105	-110	-116	-117	0

1#	-104	-104	-111	-117	-116	0

1#	-104	-104	-111	-117	-116	0

1#	-104	-104	-111	-117	-116	0

1#	-104	-104	-114	-116	-111	0

1#	-104	-104	-114	-116	-111	0

1#	-104	-104	-114	-116	-111	0

1#	-104	-105	-111	-112	-115	0

1#	-104	-105	-111	-112	-115	0

1#	-104	-105	-111	-112	-115	0

1#	-104	-104	-110	-111	-115	0

1#	-104	-104	-110	-111	-115	0

1#	-104	-104	-110	-111	-115	0

1#	-104	-104	-107	-111	-115	0

1#	-104	-104	-107	-111	-115	0

1#	-104	-104	-107	-111	-115	0

1#	-103	-104	-110	-113	-113	-115	0

1#	-103	-104	-110	-113	-113	-115	0

1#	-103	-104	-110	-113	-113	-115	0

1#	-103	-104	-106	-111	-110	-113	0

1#	-103	-104	-106	-111	-110	-113	0

1#	-103	-104	-106	-111	-110	-113	0

1#	-104	-105	-112	-110	-119	-113	0

1#	-104	-105	-112	-110	-119	-113	0

1#	-104	-105	-112	-110	-119	-113	0

1#	-105	-104	-111	-111	-115	-116	0

1#	-105	-104	-111	-111	-115	-116	0

1#	-105	-104	-116	-116	-118	0

1#	-105	-104	-116	-116	-118	0

1#	-105	-104	-116	-116	-118	0

1#	-104	-104	-116	-119	-113	-123	-119	0

1#	-104	-104	-116	-119	-113	-123	-119	0

1#	-104	-104	-116	-119	-113	-123	-119	0

1#	-104	-104	-115	-111	-116	-120	-119	0

1#	-104	-104	-115	-111	-116	-120	-119	0

1#	-104	-104	-115	-111	-116	-120	-119	0

1#	-105	-105	-111	-115	-112	-112	-120	0

1#	-105	-105	-111	-115	-112	-112	-120	0

1#	-105	-105	-111	-115	-112	-112	-120	0

1#	-105	-104	-113	-118	-117	-115	-122	0

1#	-105	-104	-113	-118	-117	-115	-122	0

1#	-105	-104	-113	-118	-117	-115	-122	0

1#	-105	-104	-113	-112	0

1#	-105	-104	-113	-112	0

1#	-105	-104	-113	-112	0

1#	-104	-104	-112	-115	0

1#	-104	-104	-112	-115	0

1#	-104	-104	-112	-115	0

1#	-105	-104	-118	-119	0

1#	-105	-104	-118	-119	0

1#	-105	-104	-118	-119	0

1#	-103	-106	-118	-120	0

1#	-103	-106	-118	-120	0

1#	-103	-106	-118	-120	0

1#	-104	-106	-112	-113	0

1#	-104	-106	-112	-113	0

1#	-104	-106	-112	-113	0

1#	-103	-104	-117	0

1#	-103	-104	-117	0

1#	-103	-104	-117	0

1#	-104	-104	-115	-120	0

1#	-104	-104	-115	-120	0

1#	-104	-104	-115	-120	0

1#	-104	-104	-117	-118	0

1#	-104	-104	-117	-118	0

1#	-104	-104	-117	-118	0

1#	-104	-105	-111	-114	0

1#	-104	-105	-111	-114	0

1#	-104	-105	-111	-114	0

1#	-104	-104	-113	-113	0

1#	-104	-104	-113	-113	0

1#	-104	-104	-113	-113	0

1#	-104	-104	-110	-119	0

1#	-104	-104	-110	-119	0

1#	-104	-104	-110	-119	0

1#	-102	-104	-110	-111	-113	0

1#	-102	-104	-110	-111	-113	0

1#	-102	-104	-110	-111	-113	0

1#	-103	-104	-112	-108	-113	0

1#	-103	-104	-112	-108	-113	0

1#	-103	-104	-112	-108	-113	0

1#	-104	-104	-110	-116	-121	0

1#	-104	-104	-110	-116	-121	0

1#	-104	-104	-110	-116	-121	0

1#	-103	-104	-108	-115	-117	0

1#	-103	-104	-108	-115	-117	0

1#	-103	-104	-108	-115	-117	0

1#	-103	-104	-111	-117	-118	0

1#	-103	-104	-111	-117	-118	0

1#	-103	-104	-111	-117	-118	0

1#	-103	-104	-110	-116	-118	0

1#	-103	-104	-110	-116	-118	0

1#	-103	-104	-110	-116	-118	0

1#	-103	-103	-108	-119	-110	0

1#	-103	-103	-108	-119	-110	0

1#	-103	-103	-108	-119	-110	0

1#	-104	-103	-109	-116	-115	0

1#	-104	-103	-109	-116	-115	0

1#	-104	-103	-109	-116	-115	0

1#	-103	-103	-110	-114	-115	0

1#	-103	-103	-110	-114	-115	0

1#	-103	-103	-110	-114	-115	0

1#	-103	-104	-111	-116	-116	0

1#	-103	-104	-111	-116	-116	0

1#	-103	-104	-111	-116	-116	0

1#	-103	-103	-108	-116	-121	0

1#	-103	-103	-108	-116	-121	0

1#	-103	-103	-108	-116	-121	0

1#	-103	-104	-113	-108	-112	0

1#	-103	-104	-113	-108	-112	0

1#	-103	-104	-113	-108	-112	0

1#	-104	-103	-112	-114	-114	0

1#	-104	-103	-112	-114	-114	0

1#	-104	-103	-112	-114	-114	0

1#	-104	-104	-109	-112	-115	0

1#	-104	-104	-109	-112	-115	0

1#	-104	-104	-109	-112	-115	0

1#	-104	-103	-109	-116	-113	0

1#	-104	-103	-109	-116	-113	0

1#	-104	-103	-109	-116	-113	0

1#	-103	-104	-110	-117	0

1#	-103	-104	-110	-117	0

1#	-103	-104	-110	-117	0

1#	-104	-104	-110	-110	0

1#	-104	-104	-110	-110	0

1#	-104	-104	-110	-110	0

1#	-104	-105	-108	-112	0

1#	-104	-105	-108	-112	0

1#	-104	-105	-108	-112	0

1#	-103	-105	-109	-107	0

1#	-103	-105	-109	-107	0

1#	-103	-105	-109	-107	0

1#	-103	-105	-109	-114	0

1#	-103	-105	-109	-114	0

1#	-103	-104	-110	-116	0

1#	-103	-104	-110	-116	0

1#	-103	-104	-110	-116	0

1#	-103	-105	-110	-113	-117	0

1#	-103	-105	-110	-113	-117	0

1#	-103	-105	-110	-113	-117	0

1#	-103	-104	-109	-120	-115	0

1#	-103	-104	-109	-120	-115	0

1#	-103	-104	-109	-120	-115	0

1#	-103	-104	-108	-109	-115	0

1#	-103	-104	-108	-109	-115	0

1#	-103	-104	-108	-109	-115	0

1#	-104	-104	-111	-115	-119	0

1#	-104	-104	-111	-115	-119	0

1#	-104	-104	-111	-115	-119	0

1#	-104	-101	-105	-109	-109	0

1#	-104	-101	-105	-109	-109	0

1#	-104	-101	-105	-109	-109	0

1#	-103	-103	-113	-112	-112	0

1#	-103	-103	-113	-112	-112	0

1#	-103	-103	-113	-112	-112	0

1#	-103	-104	-110	-111	-113	0

1#	-103	-104	-110	-111	-113	0

1#	-103	-104	-110	-111	-113	0

1#	-104	-104	-110	-111	-115	0

1#	-104	-104	-110	-111	-115	0

1#	-104	-104	-110	-111	-115	0

1#	-104	-103	-113	-120	-112	0

1#	-104	-103	-113	-120	-112	0

1#	-104	-103	-113	-120	-112	0

1#	-104	-103	-113	-112	-115	0

1#	-104	-103	-113	-112	-115	0

1#	-104	-103	-113	-112	-115	0

1#	-104	-105	-110	-115	0

1#	-104	-105	-110	-115	0

1#	-104	-105	-110	-115	0

1#	-104	-104	-117	-111	0

1#	-104	-104	-117	-111	0

1#	-104	-104	-117	-111	0

1#	-104	-104	-111	-118	0

1#	-104	-104	-111	-118	0

1#	-104	-104	-111	-118	0

1#	-103	-104	-112	-113	0

1#	-103	-104	-112	-113	0

1#	-103	-104	-112	-113	0

1#	-103	-103	-114	-114	0

1#	-103	-103	-114	-114	0

1#	-103	-103	-114	-114	0

1#	-103	-102	-108	-110	0

1#	-103	-102	-108	-110	0

1#	-103	-104	-111	-114	0

1#	-103	-104	-111	-114	0

1#	-103	-104	-111	-114	0

1#	-103	-104	-111	-116	0

1#	-103	-104	-111	-116	0

1#	-103	-104	-111	-116	0

1#	-104	-104	-109	-119	0

1#	-104	-104	-109	-119	0

1#	-104	-104	-109	-119	0

1#	-104	-104	-112	-111	0

1#	-104	-104	-112	-111	0

1#	-104	-104	-112	-111	0

1#	-103	-103	-109	-115	-115	0

1#	-103	-103	-109	-115	-115	0

1#	-103	-103	-109	-115	-115	0

1#	-103	-104	-113	-111	-114	0

1#	-103	-104	-113	-111	-114	0

1#	-103	-104	-113	-111	-114	0

1#	-103	-103	-107	-113	-115	0

1#	-103	-103	-107	-113	-115	0

1#	-103	-103	-107	-113	-115	0

1#	-103	-104	-108	-119	-115	0

1#	-103	-104	-106	-113	-117	0

1#	-102	-104	-119	0

1#	-104	-110	-111	-112	0	0	0

1#	-104	-110	-111	-112	0	0	0

1#	-104	-110	-111	-112	0	0	0

1#	-101	-105	-96	-104	0	0	0

1#	-101	-105	-96	-104	0	0	0

1#	-101	-105	-96	-104	0	0	0

1#	-88	-99	-99	-100	-100

1#	-88	-99	-99	-100	-100

1#	-88	-99	-99	-100	-100

1#	-92	-99	-109	-106	-111

1#	-92	-99	-109	-106	-111

1#	-92	-99	-109	-106	-111

1#	-88	-95	-101	-104	-104

1#	-88	-95	-101	-104	-104

1#	-88	-95	-101	-104	-104

1#	-89	-94	-96	-102	-103

1#	-89	-94	-96	-102	-103

1#	-89	-94	-96	-102	-103

1#	-88	-94	-99	-111	-103

1#	-88	-94	-99	-111	-103

1#	-88	-94	-99	-111	-103

1#	-88	-96	-102	-106

1#	-88	-96	-102	-106

1#	-88	-96	-102	-106

1#	-90	-98	-101	-102

1#	-90	-98	-101	-102

1#	-90	-98	-101	-102

1#	-93	-100	-99	-103

1#	-93	-100	-99	-103

1#	-93	-100	-99	-103

1#	-91	-97	-98	-101

1#	-91	-97	-98	-101

1#	-91	-97	-98	-101

1#	-95	-97	-101	-105

1#	-95	-97	-101	-105

1#	-95	-97	-101	-105

1#	-92	-98

1#	-92	-98

1#	-92	-98
